0.005263801
0.005427931
0.005447912
0.006282472
0.007371871
0.007548919
0.007493596
0.00819187
0.008959733
0.00849098
0.009220515
0.008965579
0.00916619
0.009752372
0.009470011
0.009919204
0.009521083
0.009613538
0.009850849
0.01004662
0.01023987
0.01111228
0.01083157
0.01086346
0.01159602
0.01159538
0.01192742
0.01188262
0.0112541
0.01210865
0.01108745
0.01241082
0.01243073
0.01197548
0.01284377
0.01180895
0.01265539
0.01265751
0.0124607
0.01278528
0.01182714
0.01247738
0.01345602
0.01191036
0.01348707
0.01333565
0.01250691
0.01318427
0.01431086
0.01371362
0.01452498
0.01447697
0.01449821
0.01426184
0.01427469
0.01447106
0.01526958
0.01483404
0.01497169
0.01522323
0.01617329
0.01600354
0.0162676
0.01562367
0.01614061
0.01514479
0.01654196
0.01634638
0.01693354
0.01652691
0.01726851
0.01621572
0.01677402
0.01751237
0.01718535
0.01758028
0.01822407
0.01779666
0.018049
0.01849106
0.01888095
0.01726168
0.0187247
0.01881749
0.01941341
0.01925436
0.01874045
0.01806474
0.01971339
0.01932729
0.01927094
0.01938538
0.01863857
0.01945333
0.0201007
0.02067759
0.02072016
0.02042285
0.02091464
0.02086733
0.02162677
0.02202071
0.02235386
0.02384784
0.02248325
0.02315347
0.0223589
0.02355959
0.02630374
0.02673126
0.02549632
0.0249799
0.02773639
0.02715948
0.02336949
0.02750688
0.02599851
0.02693085
0.02750601
0.02711131
0.026334
0.02750061
0.02928828
0.02909202
0.02964111
0.02889854
0.02820144
0.02995499
0.0293512
0.02985025
0.02983757
0.02851184
0.02954948
0.03109918
0.03046665
0.03160165
0.03198717
0.03246784
0.03470025
