0.002012332
0.004209171
0.006022662
0.007819508
0.004601868
0.006466076
0.006386942
0.007175648
0.00769192
0.006660105
0.008507661
0.006980032
0.006867508
0.009109434
0.007239162
0.007641863
0.007034789
0.01049052
0.007691532
0.01002643
0.007834945
0.006298056
0.009130856
0.009366754
0.009220209
0.008106237
0.009722665
0.01151985
0.009654557
0.01123452
0.01061918
0.009724619
0.01288791
0.0111457
0.009754278
0.008543889
0.01034328
0.01017187
0.01108908
0.01036847
0.01015425
0.01036558
0.01299042
0.01269108
0.01160686
0.01259257
0.01052463
0.01145906
0.01252567
0.01075353
0.01108009
0.009100466
0.01215319
0.0111115
0.01287301
0.0117216
0.01139618
0.01111608
0.01190482
0.01315314
0.01077904
0.01216782
0.01841782
0.01985818
0.0202959
0.0288547
0.02890288
0.03070733
0.02999436
0.04996713
0.05017839
0.04758059
0.2293233
0.229965
0.2806587
0.4190652
1.118304
2.051333
2.679589
3.1804
4.379029
4.781153
6.81924
8.09959
8.999886
12.35982
12.76779
14.32946
17.92939
21.35085
31.94808
36.72957
41.02954
49.33058
68.48013
100.3194
103.4803
146.1711
169.3203
174.3212
188.7991
188.7987
332.501
342.149
354.0206
446.9772
461.931
487.8997
495.3476
553.4006
624.2209
633.5013
666.8491
688.5509
743.9992
800.7488
922.25
1109.629
1209.071
1310.47
1354.071
1411.699
1460.05
1488.149
1565.001
2339.73
2574.101
2774.031
2921.619
2948.869
2989.52
3078.669
3273.53
3383.92
3410.65
4032.35
4192.229
4265.22
4266.629
4390.4
4435.75
4475.35
4598.531
4976.478
5521.169
6090.77
6180.872
6479.301
6734.101
6955.799
7224.03
7641.731
7683.73
7704.528
8760.014
8760.015
8760.014
8760.015
8760.013
8760.015
8760.016
8760.014
8760.015
8760.017
8760.016
8760.015
8760.016
8760.015
8760.017
8760.017
8760.017
8760.018
8760.018
8760.019
8760.016
8760.019
8760.018
8760.018
8760.018
8760.019
8760.019
8760.019
8760.019
8760.021
8760.019
8760.019
8760.018
8760.021
8760.019
8760.019
8760.019
8760.019
8760.019
8760.022
8760.019
8760.02
8760.021
8760.021
8760.02
8760.019
8760.019
8760.021
8760.021
8760.022
8760.02
8760.021
8760.021
8760.021
8760.019
8760.021
8760.021
8760.022
8760.022
8760.023
8760.021
8760.022
8760.024
8760.022
8760.023
8760.021
8760.022
8760.022
8760.022
8760.024
8760.022
8760.023
8760.025
8760.021
8760.022
8760.023
8760.023
8760.023
8760.023
8760.022
8760.024
8760.024
8760.024
8760.024
8760.024
8760.023
8760.027
8760.026
8760.025
8760.025
8760.025
8760.025
8760.025
8760.025
8760.027
8760.027
8760.026
8760.024
8760.027
8760.026
8760.026
8760.027
8760.026
8760.027
8760.026
8760.029
8760.027
8760.026
8760.025
8760.028
8760.027
8760.029
8760.027
8760.026
8760.029
8760.029
8760.028
8760.03
8760.031
8760.029
8760.028
8760.028
8760.028
8760.03
8760.031
8760.03
8760.031
8760.031
8760.032
8760.031
8760.03
8760.032
8760.033
8760.032
8760.032
8760.033
8760.032
8760.033
8760.031
8760.034
8760.036
8760.035
8760.036
8760.034
8760.036
8760.04
